
a: 18.0732060866
b: 0.72530818573
