
a: 18.082095926
b: 0.72822558893
