
a: 18.1044515651
b: 0.724280638306
